887 988 991 991 988 946 966 969 959 981 
984 949 908 984 985 984 977 985 949 977 
969 992 962 962 995 965 962 948 931 992 
982 909 978 969 982 969 811 978 969 978 
969 994 993 948 994 974 795 980 993 924 
944 979 917 979 956 989 953 953 956 937 
846 971 940 985 977 970 958 973 963 985 
953 926 970 981 928 989 885 919 913 954 
945 995 980 995 973 922 975 983 973 995 
973 986 986 973 966 977 986 986 937 973 
914 960 944 941 903 972 923 960 941 955 
960 964 980 981 991 919 991 960 936 971 
992 950 980 913 977 967 963 992 963 939 
994 995 915 979 997 996 953 999 996 997 
987 987 981 895 966 968 945 959 925 908 
999 988 986 999 999 986 996 985 964 978 
869 994 894 994 941 999 986 994 968 953 
910 896 934 999 917 922 999 905 971 993 
937 835 977 937 997 977 977 997 901 937 
977 993 931 975 830 985 987 985 983 981 
900 971 962 972 972 975 996 985 985 908 
987 983 995 981 978 961 963 961 998 913 
932 932 969 994 698 959 994 975 994 975 
972 946 983 948 968 968 972 972 927 878 
987 981 896 919 990 848 987 990 990 955 
954 999 987 931 995 944 995 995 953 968 
928 941 986 995 995 971 993 928 986 928 
994 994 994 964 997 971 971 997 994 994 
991 960 929 990 991 999 990 974 984 991 
994 925 994 925 933 925 994 933 994 992 
869 994 966 994 994 993 990 994 966 839 
968 937 937 968 959 963 968 968 941 970 
996 952 965 928 990 946 942 886 998 965 
997 987 991 968 938 968 942 997 872 997 
992 992 995 995 967 992 988 988 990 992 
992 895 939 900 993 943 992 943 970 992 
973 994 973 994 999 994 975 994 973 992 
991 959 986 876 991 959 864 986 991 986 
960 964 966 991 991 975 963 978 991 964 
994 985 994 956 997 925 978 994 994 925 
994 991 917 978 942 997 996 991 977 996 
937 895 961 981 951 898 871 955 952 952 
986 906 986 969 997 996 953 997 986 996 
990 967 936 944 990 936 990 829 944 990 
994 995 978 979 886 979 953 978 978 952 
891 960 917 957 961 917 961 912 997 997 
891 995 995 949 953 993 990 904 880 995 
997 962 967 989 968 997 998 968 977 976 
969 908 927 975 995 899 975 940 995 907 
944 983 946 946 972 972 996 985 984 985 
987 964 987 987 993 988 966 993 993 973 
991 981 978 969 959 996 991 978 978 996 
958 994 935 947 956 815 958 998 934 976 
986 979 986 979 927 986 979 985 986 999 
991 795 924 827 864 996 991 975 987 975 
932 958 967 939 986 934 986 966 967 980 
931 985 985 964 985 925 907 904 978 979 
994 994 985 999 969 893 994 769 969 994 
914 989 961 954 834 982 936 997 954 845 
946 986 986 857 961 986 988 951 951 988 
937 939 931 973 977 955 973 915 939 973 
973 986 959 986 969 982 929 998 998 791 
992 996 949 990 923 996 942 959 990 992 
961 960 944 872 968 968 961 853 968 963 
970 979 986 934 988 988 969 997 997 986 
960 969 998 893 978 969 986 978 965 986 
994 997 939 951 937 994 946 994 994 997 
944 985 978 982 878 987 978 964 892 965 
940 957 940 924 999 943 904 978 970 972 
880 873 964 906 880 964 962 951 892 749 
986 913 947 951 986 993 968 949 986 913 
928 936 905 940 883 839 928 998 983 980 
965 918 905 918 822 965 987 858 976 976 
932 988 989 955 976 960 960 988 976 964 
991 961 946 952 952 945 949 945 993 847 
967 992 928 983 853 982 992 913 960 814 
949 999 916 999 982 977 895 883 977 965 
824 987 987 964 987 975 987 960 964 990 
997 944 948 983 979 986 925 979 940 996 
994 964 994 971 999 990 994 971 994 964 
961 935 710 975 968 975 893 895 968 968 
945 994 939 945 855 978 994 978 976 976 
981 978 973 969 963 969 999 978 978 970 
991 961 951 996 949 996 996 990 986 990 
975 994 992 993 899 969 975 971 992 986 
960 836 981 969 987 963 987 987 969 980 
958 926 962 962 839 978 978 978 934 978 
919 833 922 989 855 989 855 981 979 934 
953 926 962 962 995 930 966 957 976 981 
995 872 958 963 989 995 987 963 987 916 
968 968 874 864 994 996 994 968 994 996 
977 949 936 988 991 950 985 977 985 991 
959 970 998 962 961 959 998 959 973 942 
975 992 964 993 979 982 975 992 964 992 
992 957 922 992 922 825 966 968 992 928 
935 985 989 975 996 944 994 996 985 944 
995 870 991 954 995 991 870 957 949 995 
861 957 961 971 997 971 983 971 970 959 
990 935 990 926 995 990 978 990 991 990 
977 931 939 920 987 977 920 977 977 976 
944 985 958 960 962 986 995 985 943 995 
956 939 999 878 977 987 972 960 996 972 
878 986 895 997 998 997 986 996 947 996 
958 988 807 975 983 975 845 988 979 975 
914 924 972 997 998 870 997 983 996 996 
960 988 934 924 997 954 960 970 977 943 
917 962 936 937 984 991 937 937 937 962 
907 970 907 988 987 937 896 972 987 988 
981 961 998 992 988 998 999 987 994 987 
992 934 940 953 992 993 954 965 992 954 
977 977 992 993 945 998 975 998 977 923 
995 895 936 901 975 995 952 915 936 975 
997 918 962 962 987 997 832 923 874 969 
931 981 895 963 998 975 975 918 983 945 
969 988 936 995 972 934 972 936 974 944 
974 992 965 965 927 992 949 965 992 947 
959 982 982 960 941 966 961 966 959 959 
992 995 995 964 963 963 978 995 992 995 
894 811 946 985 892 936 965 996 985 936 
986 986 858 966 986 971 986 998 986 965 
947 839 941 955 947 947 955 970 922 972 
979 979 956 989 969 978 901 956 987 987 
923 923 995 995 960 975 975 933 964 964 
990 967 994 983 962 987 994 990 995 995 
886 792 900 959 961 907 913 981 996 994 
946 991 955 987 989 975 987 975 989 969 
835 961 992 996 987 965 996 932 996 862 
958 967 935 986 987 974 915 901 901 954 
959 979 979 982 971 979 971 984 970 942 
992 961 973 973 987 975 987 975 992 992 
955 992 887 995 979 997 998 995 992 997 
968 923 919 988 912 923 984 999 905 987 
896 929 971 961 999 971 946 969 971 969 
981 958 974 885 997 957 917 997 957 892 
986 986 934 891 991 991 986 987 987 991 
924 986 971 960 986 986 960 984 919 986 
969 927 986 969 987 913 987 978 911 986 
977 970 984 987 960 992 965 960 984 987 
892 997 927 997 986 968 968 993 993 940 
977 899 988 959 948 845 985 977 985 914 
968 969 994 902 984 971 998 996 911 996 
946 805 943 909 985 975 918 908 993 971 
959 962 956 977 977 993 989 856 830 989 
978 962 970 984 952 921 913 825 975 962 
979 820 979 990 990 961 895 975 966 896 
965 887 993 989 995 989 936 995 952 954 
872 972 997 994 969 997 936 972 940 912 
994 919 864 994 864 919 968 898 994 861 
979 994 929 994 920 987 986 986 970 987 
986 945 924 830 986 979 984 986 921 767 
952 967 920 975 963 998 985 995 978 985 
959 937 973 926 991 991 915 959 962 978 
959 953 992 935 953 967 982 830 947 987 
952 904 962 975 974 816 975 962 952 975 
917 992 917 960 892 987 893 962 992 987 
978 958 851 989 924 924 839 989 978 982 
969 922 960 989 963 915 989 911 813 954 
906 954 954 993 957 944 929 978 997 997 
977 993 935 998 972 885 998 988 998 981 
977 913 984 888 929 975 929 966 966 953 
968 962 991 993 991 999 980 999 997 997 
977 993 991 998 991 991 998 952 998 952 
963 822 927 973 961 943 973 874 961 927 
979 979 988 886 900 988 979 998 963 988 
959 994 964 994 964 993 805 907 994 964 
957 898 966 981 959 898 957 966 962 957 
892 971 949 988 927 962 988 962 986 999 
959 989 959 979 994 973 969 979 956 937 
964 992 958 964 992 992 977 960 987 987 
928 931 946 993 986 851 972 986 962 928 
986 958 926 982 977 977 986 986 987 986 
994 965 970 994 953 968 994 965 994 934 
968 973 974 952 965 965 968 994 935 898 
978 979 982 998 950 970 965 998 982 965 
994 961 961 982 998 998 953 994 994 970 
979 986 885 979 985 936 958 918 962 989 
978 967 859 861 939 836 954 939 967 996 
885 928 997 940 956 901 997 959 968 968 
979 997 994 922 850 910 885 867 987 997 
946 972 937 994 970 997 947 952 997 872 
972 982 957 975 995 972 999 993 981 956 
990 990 990 936 746 822 990 936 990 990 
986 871 986 927 984 986 888 951 922 986 
958 956 989 881 956 911 942 942 989 962 
886 967 939 975 923 975 968 907 948 975 
972 986 972 962 986 968 972 986 928 986 
980 942 975 963 998 998 998 948 990 990 
990 980 993 910 991 991 859 965 990 980 
923 990 940 895 990 856 963 990 984 975 
992 995 995 941 999 984 995 995 995 998 
990 942 942 959 990 998 990 942 866 942 
962 912 962 982 982 912 982 982 906 973 
986 992 988 869 969 936 992 992 970 970 
960 964 971 960 971 922 929 971 964 851 
977 977 977 962 960 964 995 977 998 962 
990 926 904 990 990 968 990 998 980 990 
990 909 993 962 954 938 954 897 949 909 
744 999 908 982 985 950 996 982 982 999 
975 928 945 961 929 967 975 950 999 967 
979 950 901 992 992 985 841 982 987 992 
986 992 967 986 909 934 970 970 988 988 
990 894 898 934 948 991 990 991 864 991 
940 934 966 971 987 987 975 972 975 972 
928 905 905 986 791 930 966 986 986 973 
997 994 936 975 994 968 997 994 994 977 
958 963 931 959 977 957 959 987 977 999 
962 990 990 967 962 990 983 990 990 972 
887 992 970 962 881 998 985 995 992 985 
981 981 987 942 991 991 895 987 895 991 
978 992 993 923 984 921 903 996 989 989 
975 900 975 937 959 962 996 859 836 975 
995 980 992 837 992 914 995 997 992 936 
978 881 993 956 981 921 996 903 996 956 
971 983 953 984 948 995 946 989 977 995 
981 981 955 979 949 977 936 977 961 980 
909 909 937 935 971 998 950 955 971 998 
943 942 870 964 997 997 908 991 895 916 
979 923 923 991 979 991 917 923 941 991 
923 917 993 982 982 960 983 955 982 973 
990 994 997 994 916 990 997 841 813 997 
917 976 973 954 965 987 976 950 940 973 
978 977 979 935 975 981 954 996 977 971 
954 977 962 962 865 948 853 966 977 962 
946 978 988 992 993 838 992 924 964 988 
968 988 943 935 981 960 976 943 958 989 
990 904 990 960 970 990 923 990 923 960 
945 941 990 953 999 987 899 919 899 953 
990 988 927 990 848 885 990 845 990 990 
969 988 939 986 998 965 995 919 988 951 
959 895 980 959 975 956 987 983 987 993 
986 969 962 993 986 960 938 934 969 940 
975 994 997 837 997 946 994 997 997 994 
990 973 994 973 954 994 973 961 973 933 
931 990 844 960 924 990 969 990 931 960 
992 929 990 990 997 992 999 992 962 990 
917 950 819 997 998 839 974 996 997 996 
986 988 997 943 986 924 941 859 924 996 
986 967 994 961 968 992 941 986 994 968 
995 978 961 970 961 931 986 986 970 995 
962 992 981 962 962 925 981 925 895 976 
898 953 827 979 957 936 979 953 810 829 
968 973 977 939 994 989 963 910 973 968 
977 992 981 992 995 995 988 937 971 995 
945 964 939 971 933 971 954 971 964 964 
981 981 972 982 957 925 972 993 984 988 
986 969 885 993 986 960 995 969 976 969 
963 991 994 968 959 953 984 944 994 993 
959 980 988 944 878 975 985 985 988 988 
923 992 981 993 956 967 945 995 993 975 
971 973 980 977 926 936 977 945 950 977 
995 969 962 942 954 938 995 949 999 929 
986 992 972 993 986 964 998 975 972 894 
986 969 987 977 969 982 977 987 986 987 
959 978 949 904 904 879 949 963 914 949 
858 990 972 993 930 966 995 911 996 976 
937 997 951 997 952 968 999 937 937 879 
961 975 927 924 995 975 998 979 995 934 
872 933 979 997 975 997 979 947 997 911 
896 956 977 940 988 977 895 988 956 970 
883 975 879 973 987 957 885 997 957 957 
986 984 968 922 986 964 984 945 983 983 
975 920 992 934 988 988 818 992 948 960 
909 975 992 974 992 904 868 989 989 992 
986 999 934 943 986 983 973 920 945 943 
876 992 989 975 988 968 968 975 989 988 
965 994 993 948 994 985 915 985 993 993 
969 915 930 969 969 965 961 967 994 967 
990 973 958 983 956 990 990 996 983 996 
959 958 950 993 905 986 986 991 950 958 
986 996 952 968 958 943 986 956 925 995 
866 953 904 997 997 997 921 935 960 953 
981 981 954 954 975 965 981 976 971 971 
923 998 952 957 991 991 991 998 948 975 
971 971 992 884 969 992 925 884 967 983 
903 980 994 985 986 932 963 994 986 985 
978 996 917 997 997 918 936 991 935 991 
975 971 949 905 981 939 975 981 966 975 
971 978 952 867 866 989 977 924 989 997 
959 996 938 997 943 935 951 938 997 935 
973 954 994 997 997 985 874 994 979 987 
981 981 896 934 962 975 991 981 999 991 
968 979 969 981 969 979 908 923 920 981 
954 973 969 981 967 920 981 934 920 985 
931 934 966 987 987 970 969 933 982 971 
952 988 922 773 829 985 998 985 976 893 
990 936 992 990 867 990 966 990 990 966 
958 994 970 953 994 978 913 981 939 958 
946 957 938 961 957 854 987 937 987 938 
986 971 987 997 988 986 997 910 988 997 
995 942 993 974 866 993 833 995 995 971 
959 996 990 826 949 843 923 955 901 984 
905 973 994 972 969 994 921 905 998 998 
979 937 937 979 937 937 985 916 963 940 
931 979 992 997 963 979 979 945 945 995 
905 991 981 997 997 995 980 929 960 995 
959 953 910 963 886 989 953 841 989 963 
978 998 977 977 941 993 993 935 935 998 
990 966 983 977 951 959 983 936 951 990 
968 975 975 974 956 934 965 968 956 956 
931 969 969 931 973 981 981 973 969 941 
957 931 988 957 957 919 957 957 981 988 
940 995 995 971 995 997 995 995 892 958 
997 970 953 994 968 957 999 968 997 997 
997 988 970 791 855 997 911 980 997 976 
914 945 949 894 997 941 914 994 935 811 
992 973 947 924 996 973 924 992 992 925 
985 817 990 985 978 921 975 975 915 985 
917 936 936 837 961 879 928 936 949 904 
959 933 999 900 948 991 991 970 991 925 
954 941 961 954 954 962 961 962 763 864 
981 981 974 886 864 974 900 981 997 878 
986 957 916 957 948 934 986 986 953 985 
925 969 987 969 907 977 977 904 904 869 
979 936 988 987 974 956 988 838 954 987 
978 998 872 941 941 937 935 924 998 935 
971 971 998 954 995 904 951 995 998 936 
823 953 991 942 942 991 941 891 895 910 
872 998 945 957 897 891 950 982 951 951 
971 973 983 987 953 962 962 963 985 987 
995 978 988 956 993 951 938 993 949 988 
986 979 990 977 907 991 991 986 924 975 
990 907 980 994 954 997 872 980 987 997 
883 980 960 881 954 973 934 985 967 973 
959 957 990 957 974 991 991 948 991 990 
915 991 988 994 912 903 988 988 950 994 
979 969 955 979 971 949 907 938 940 902 
978 927 875 981 963 921 943 921 982 995 
971 998 983 971 934 962 928 989 962 908 
946 975 989 975 962 991 989 991 957 991 
978 998 917 968 974 937 982 928 925 998 
991 971 975 994 949 919 943 994 892 987 
952 960 939 959 945 949 918 985 706 960 
923 989 909 921 948 967 936 923 923 967 
990 967 998 963 954 900 990 967 939 985 
914 976 989 863 955 973 989 985 976 989 
986 884 879 972 963 967 986 986 971 865 
986 951 901 979 995 972 951 995 962 929 
981 981 941 963 988 973 988 904 954 988 
977 998 990 997 897 979 824 971 997 998 
943 973 943 977 949 977 959 973 959 970 
917 937 992 917 937 992 939 992 961 961 
977 996 977 977 963 993 977 970 994 993 
969 963 969 974 907 969 939 947 968 903 
959 950 986 964 977 904 950 939 986 959 
978 996 917 972 934 965 876 841 979 971 
997 997 995 987 938 993 901 954 987 987 
990 992 962 990 990 962 990 995 951 990 
946 927 990 903 943 990 990 911 935 930 
986 920 988 994 935 894 988 988 801 994 
968 980 951 961 942 708 983 938 968 961 
915 998 933 934 934 967 915 956 925 998 
971 973 998 963 995 903 896 995 998 999 
995 980 923 885 961 939 914 990 995 995 
915 891 992 921 974 992 921 913 891 921 
990 956 870 995 904 840 995 995 968 956 
971 922 888 925 926 971 901 959 971 902 
968 969 969 997 861 901 957 997 913 981 
994 977 995 986 994 995 935 925 927 994 
835 976 992 965 851 915 965 999 965 992 
931 951 952 997 949 993 865 993 931 981 
990 951 930 993 990 901 990 918 899 993 
990 990 962 990 960 976 990 983 990 974 
946 998 912 892 931 994 886 886 935 925 
986 973 980 980 960 913 986 943 973 960 
981 981 997 992 992 974 922 992 953 974 
968 989 990 968 931 931 995 995 993 993 
780 990 990 891 967 967 940 934 944 940 
990 967 913 990 990 921 990 990 901 931 
915 989 999 997 997 997 913 915 999 989 
954 953 998 980 979 785 940 905 940 979 
979 934 962 979 932 989 897 989 924 989 
962 962 990 962 974 962 940 941 910 962 
947 898 954 973 973 979 954 979 973 973 
959 973 959 996 973 996 970 988 959 994 
978 979 917 903 927 993 993 970 960 995 
905 956 993 974 949 892 976 976 937 985 
893 975 867 992 960 992 992 991 821 975 
986 989 912 981 949 772 986 986 873 912 
975 892 936 994 994 994 935 985 981 933 
914 942 956 988 956 993 940 985 993 985 
977 977 990 977 974 993 956 993 990 956 
915 964 961 977 977 926 926 884 977 926 
914 934 994 934 955 881 989 994 954 989 
946 909 990 981 907 991 990 926 922 991 
990 969 990 998 987 887 993 912 990 977 
979 980 992 955 989 992 992 953 868 989 
931 989 952 903 931 943 982 973 980 982 
975 991 998 942 979 904 979 881 975 956 
981 981 955 992 992 971 775 992 945 954 
924 996 945 903 974 937 956 945 956 924 
963 991 998 983 926 997 997 983 988 998 
945 985 794 985 975 985 904 984 985 975 
923 919 992 921 990 992 936 990 948 990 
990 871 935 990 990 973 990 983 983 990 
945 934 961 946 953 961 921 984 958 961 
931 957 938 961 931 957 935 949 974 974 
977 988 970 949 977 954 977 977 969 959 
981 981 988 992 993 989 965 993 957 993 
913 969 984 913 966 911 781 973 985 987 
971 991 988 974 949 957 971 974 988 988 
940 957 917 966 917 961 904 797 907 966 
931 951 858 913 913 967 939 975 974 975 
997 913 962 964 971 997 971 948 971 946 
906 923 974 952 986 886 891 900 924 974 
917 998 988 941 974 934 918 930 960 998 
971 971 993 981 995 981 971 981 995 980 
981 981 867 973 959 880 989 938 973 989 
843 889 990 981 948 943 806 930 971 981 
915 924 988 980 935 997 997 988 962 962 
946 973 973 988 987 824 989 989 954 937 
959 951 879 894 897 991 983 991 991 951 
986 967 992 998 857 903 992 952 952 992 
793 980 974 970 963 974 871 978 895 974 
986 989 917 981 966 924 910 986 966 966 
990 991 980 980 949 972 949 959 940 942 
877 953 956 856 921 953 921 858 967 964 
946 927 999 913 948 725 920 948 964 929 
954 991 984 980 979 913 979 950 967 945 
914 980 973 962 921 957 957 934 957 956 
924 996 938 981 941 967 935 928 995 971 
963 924 963 992 995 977 992 970 977 992 
903 978 926 992 923 992 992 904 967 961 
986 951 990 997 864 869 986 986 938 951 
975 882 979 974 979 903 926 979 979 975 
990 969 937 942 942 985 957 990 957 947 
962 962 879 962 931 967 962 967 980 857 
954 973 984 983 979 921 959 983 979 984 
959 936 837 885 959 960 957 858 957 837 
959 979 999 871 974 993 970 969 983 924 
893 956 998 983 907 981 907 983 982 922 
959 980 942 975 973 951 965 907 917 965 
978 941 999 968 948 908 923 987 909 921 
925 951 961 946 960 941 970 946 812 961 
799 973 974 942 973 989 960 985 985 945 
962 969 990 972 963 991 897 991 975 990 
856 900 984 994 997 994 979 935 997 997 
968 975 937 937 987 957 957 937 968 975 
986 998 988 894 949 967 986 967 998 988 
904 990 990 968 968 904 954 977 968 990 
977 970 994 953 977 977 994 929 955 994 
959 959 985 984 968 968 924 948 984 924 
896 835 998 992 902 977 992 974 959 961 
995 998 975 991 986 979 991 974 907 995 
946 919 999 981 966 964 967 945 945 981 
990 951 963 981 949 981 926 981 985 952 
906 998 978 910 970 993 926 985 993 936 
924 924 984 892 949 943 982 964 964 984 
905 907 988 981 907 981 976 981 958 905 
971 991 950 988 992 992 974 991 992 965 
977 979 990 997 974 991 991 991 981 997 
986 969 981 998 986 981 898 931 969 981 
995 991 976 986 961 943 991 977 991 995 
829 998 999 957 941 993 993 863 902 998 
986 991 979 981 979 981 981 986 975 979 
979 946 937 988 979 974 956 988 985 967 
977 989 977 981 915 979 956 956 983 981 
975 973 984 994 912 997 997 997 983 997 
971 881 948 992 853 997 992 992 935 885 
978 977 990 977 966 991 991 991 977 984 
925 925 950 987 912 997 997 987 997 997 
979 963 948 997 988 992 970 992 992 989 
986 996 945 962 949 967 986 967 983 995 
986 991 969 981 926 981 986 981 955 951 
990 994 975 975 851 939 991 990 991 916 
915 909 984 972 974 937 921 966 984 921 
915 991 984 901 901 997 997 931 959 984 
971 953 976 937 987 949 971 957 937 976 
978 962 938 962 966 962 970 964 966 985 
990 967 998 994 912 981 976 981 943 990 
960 964 971 978 964 980 980 980 964 971 
968 989 917 928 970 968 994 989 989 931 
997 935 960 975 997 975 985 999 969 969 
917 975 980 974 839 993 974 985 993 953 
986 977 990 977 895 967 986 987 975 952 
990 964 927 987 960 972 932 987 960 964 
995 865 980 962 885 928 926 900 990 995 
931 998 999 934 934 993 993 970 880 998 
963 973 963 981 935 981 912 981 961 942 
914 998 975 955 991 975 960 991 937 954 
978 962 933 962 948 962 962 928 889 956 
975 964 928 981 926 981 946 981 978 978 
835 975 980 954 962 993 849 921 945 993 
977 977 988 977 948 967 987 935 960 939 
973 959 892 967 878 954 884 787 998 998 
997 988 993 953 997 973 999 958 966 999 
990 990 972 932 970 978 980 978 909 990 
990 964 979 942 995 900 979 884 952 995 
909 978 978 977 955 944 987 989 977 989 
931 998 839 941 932 941 924 931 982 865 
954 991 993 992 954 997 997 993 992 964 
893 953 953 945 806 961 912 970 934 985 
962 996 938 962 994 948 962 970 928 956 
973 986 993 974 995 997 976 997 997 997 
995 994 969 995 835 959 991 926 991 934 
986 962 999 962 952 934 986 962 945 986 
963 951 984 987 995 921 987 950 951 995 
995 981 981 995 962 963 973 926 859 981 
915 920 990 913 994 974 922 930 915 920 
975 991 938 974 892 957 946 974 985 945 
995 983 975 995 954 988 975 957 957 988 
907 892 990 892 994 974 991 991 991 995 
915 991 939 994 901 972 992 976 878 994 
946 946 973 946 942 992 992 951 904 992 
962 979 988 962 902 907 979 962 988 973 
912 824 871 901 949 997 949 997 997 955 
979 991 975 941 975 979 879 991 849 991 
968 957 922 972 987 949 993 759 993 925 
975 907 916 981 995 981 896 959 981 995 
906 975 976 975 960 975 955 944 937 887 
978 996 990 997 961 941 900 956 918 955 
991 950 977 925 995 997 976 997 997 995 
990 998 942 998 986 986 956 917 942 885 
861 969 990 972 876 966 943 990 956 964 
990 966 990 876 977 928 970 995 932 977 
979 991 976 930 986 869 986 979 943 991 
858 901 990 903 961 901 990 903 843 964 
893 966 988 977 977 988 995 913 977 850 
986 957 975 962 981 981 981 981 975 957 
953 953 920 994 959 996 916 985 985 994 
965 916 806 964 965 973 999 964 919 999 
917 998 948 998 962 944 963 989 965 989 
962 998 992 962 992 901 962 962 988 951 
811 953 979 981 995 981 959 981 995 962 
990 949 992 973 973 962 992 986 992 938 
946 969 969 921 921 900 969 918 920 946 
986 952 960 970 892 986 998 987 960 985 
906 893 980 944 894 956 961 957 957 891 
986 957 988 957 976 974 986 967 877 986 
954 912 983 983 960 972 983 950 910 960 
917 975 975 977 970 937 975 977 937 977 
946 998 990 997 930 915 946 891 975 930 
990 991 963 977 949 997 974 997 997 985 
995 991 975 995 960 993 923 991 993 991 
978 941 990 980 972 941 862 931 980 971 
963 964 979 981 979 981 950 981 937 964 
979 927 922 947 955 979 956 957 957 858 
977 977 999 977 987 963 940 917 962 962 
898 898 878 966 993 987 898 899 980 966 
968 998 969 994 998 941 986 997 987 987 
959 979 988 904 980 907 979 958 905 988 
963 956 945 903 980 980 936 742 989 903 
888 995 995 966 980 995 995 995 980 982 
962 962 909 962 913 987 931 970 974 964 
990 994 935 990 990 990 951 990 998 994 
981 981 981 960 968 959 942 956 981 957 
917 979 992 921 992 900 979 921 971 950 
975 973 979 977 979 977 926 979 979 975 
903 978 880 978 985 965 988 885 928 985 
986 998 990 941 994 974 990 994 993 990 
965 905 960 905 987 965 987 968 929 951 
977 924 935 940 953 924 981 981 981 977 
968 969 969 968 987 969 926 970 949 964 
925 993 751 986 986 966 978 993 946 978 
971 994 978 971 971 928 988 991 997 988 
917 996 990 915 997 915 911 997 935 964 
902 956 918 999 956 977 896 956 918 956 
937 875 994 964 947 840 877 994 994 964 
848 979 938 997 976 906 997 896 963 866 
986 973 986 973 983 987 963 980 921 981 
917 983 978 988 978 983 915 945 956 983 
978 996 862 968 870 948 967 928 924 908 
990 969 969 994 935 900 994 976 964 986 
971 998 905 998 988 994 882 961 964 971 
959 956 858 987 972 966 967 956 950 965 
967 947 939 981 857 958 939 981 967 958 
995 978 978 995 869 974 987 974 900 950 
931 951 938 997 949 949 943 935 931 995 
990 907 979 977 990 979 990 996 932 970 
914 966 953 962 976 988 989 985 962 989 
915 941 999 941 915 941 995 922 999 990 
947 951 980 994 995 962 976 976 995 960 
990 994 978 977 923 956 963 989 977 994 
978 933 933 997 895 934 967 931 967 875 
971 971 971 987 960 972 969 987 971 927 
914 991 978 997 913 920 977 941 963 986 
907 998 881 981 961 907 896 995 991 859 
960 895 975 971 984 977 979 975 997 916 
914 975 975 975 986 975 986 939 986 967 
946 957 945 957 963 963 967 946 956 945 
915 966 950 987 953 913 950 987 955 950 
914 998 973 998 989 993 988 973 994 993 
962 962 999 962 987 963 987 962 971 962 
881 964 984 994 934 981 987 959 926 959 
979 991 978 992 945 957 974 992 993 989 
986 956 990 981 980 927 990 908 908 927 
975 988 968 968 989 918 942 989 962 968 
881 905 920 944 980 933 944 987 944 930 
995 987 984 987 989 987 973 989 957 969 
990 956 988 994 935 981 981 992 988 988 
998 946 998 960 917 950 998 988 956 960 
993 986 979 999 977 963 977 963 960 993 
990 970 960 990 973 971 946 960 990 990 
998 917 998 978 998 942 970 896 961 926 
977 977 977 999 977 976 966 946 967 977 
990 973 969 887 934 990 887 962 962 959 
985 917 978 978 975 988 973 975 960 985 
975 858 979 988 921 932 966 817 973 979 
986 924 986 929 998 942 912 972 961 972 
985 896 985 971 991 980 971 991 991 974 
997 986 996 990 997 987 997 962 826 934 
997 970 992 997 971 971 979 979 992 979 
955 981 983 981 968 973 986 993 914 981 
993 962 996 992 962 992 985 948 993 962 
975 991 969 987 953 981 909 987 973 955 
941 959 953 953 965 923 993 941 768 908 
931 989 989 909 921 989 966 985 931 935 
990 973 984 900 953 968 931 971 973 953 
985 959 994 945 946 986 959 991 960 994 
989 986 989 945 981 989 973 974 934 986 
975 956 840 981 995 981 981 926 995 975 
998 883 998 953 998 937 986 941 985 941 
997 986 956 999 997 987 929 974 991 991 
971 971 971 994 997 994 949 999 954 994 
946 990 913 962 990 978 978 990 945 965 
997 960 909 989 952 997 989 905 980 933 
959 973 967 936 951 954 957 967 959 954 
998 975 968 968 995 926 995 998 975 998 
963 978 969 969 972 987 934 963 878 934 
986 986 969 980 980 979 968 986 969 967 
977 946 994 943 972 842 994 977 937 977 
924 993 951 992 961 992 981 993 992 924 
898 969 913 936 947 957 954 919 969 995 
998 946 998 980 998 988 975 974 956 985 
993 770 956 999 972 932 973 941 953 918 
940 925 997 956 988 988 987 939 995 997 
985 835 994 934 977 988 886 993 974 985 
997 986 996 922 997 932 985 966 986 993 
960 963 973 963 987 960 997 997 987 997 
942 959 927 969 950 956 974 959 914 974 
995 978 956 938 981 913 995 907 896 922 
992 954 991 992 998 954 992 981 981 969 
998 968 998 980 998 932 986 975 977 960 
995 909 909 992 903 992 995 864 992 943 
940 947 947 939 942 995 997 997 952 995 
960 903 994 950 950 923 970 952 989 957 
990 915 979 990 941 987 941 941 937 979 
994 990 947 950 994 949 968 959 949 929 
998 883 998 936 998 960 916 954 954 892 
968 995 998 922 981 989 995 941 987 923 
960 954 973 938 977 960 977 946 772 973 
998 823 998 945 998 970 986 993 941 838 
997 977 977 977 997 994 995 897 994 809 
799 893 973 950 900 907 941 973 959 996 
904 906 975 975 937 937 931 993 993 975 
995 959 996 969 969 908 957 936 980 995 
994 997 994 935 986 997 984 994 981 994 
977 981 981 981 977 912 916 725 932 981 
949 959 924 999 934 992 934 966 992 934 
994 905 969 993 994 926 977 976 976 910 
900 990 862 973 950 937 901 937 973 990 
995 959 998 984 981 895 995 941 960 922 
940 971 991 993 981 857 918 981 993 971 
980 981 981 981 856 960 987 988 882 981 
976 968 919 999 968 994 973 948 994 900 
937 896 973 961 974 949 921 950 974 973 
949 914 966 923 965 923 970 993 989 966 
913 968 892 988 968 913 985 864 960 922 
896 975 991 969 946 901 871 962 962 946 
949 981 981 981 975 949 867 979 902 997 
976 968 996 984 981 976 985 927 891 991 
861 947 956 988 987 995 921 982 987 911 
955 979 946 976 946 955 944 987 821 904 
976 923 889 988 925 921 976 966 960 900 
937 963 947 984 977 935 977 926 977 952 
943 981 994 981 964 945 989 915 989 981 
968 976 924 988 972 988 976 698 966 924 
940 931 905 990 990 971 983 983 954 905 
980 855 862 980 930 970 730 930 904 951 
989 986 989 984 972 989 941 941 986 911 
994 954 991 988 994 954 997 997 994 956 
946 995 981 981 995 988 885 975 939 988 
986 993 979 988 972 913 900 913 993 986 
940 990 990 990 949 908 912 980 980 980 
980 960 884 995 981 977 981 995 952 981 
976 923 909 984 824 976 973 974 975 970 
878 866 991 860 946 907 894 946 958 852 
949 968 953 953 968 961 954 989 954 942 
993 931 941 862 981 949 973 966 937 993 
960 975 925 998 983 960 962 946 998 983 
998 995 998 980 998 949 937 921 965 957 
990 924 957 999 972 980 957 941 851 967 
891 990 991 967 962 980 980 954 972 990 
977 990 991 975 977 967 962 975 915 962 
986 986 956 988 900 932 925 931 986 900 
945 943 973 993 980 894 973 956 866 913 
948 981 983 904 981 993 946 974 993 974 
901 978 998 992 904 992 929 966 992 979 
986 986 964 983 983 960 903 986 964 983 
943 943 961 981 979 981 999 981 982 968 
918 962 997 977 989 977 997 989 934 969 
967 962 896 984 922 892 981 922 980 962 
943 883 975 975 975 973 942 975 938 989 
977 977 977 999 977 987 985 864 972 945 
994 975 956 961 994 954 968 959 994 974 
980 995 994 981 995 916 971 988 991 994 
941 968 996 992 968 992 985 941 996 992 
992 971 973 983 992 960 894 992 982 983 
867 971 994 936 971 971 963 988 956 994 
924 993 933 984 904 976 949 924 993 993 
960 954 991 984 983 995 977 960 970 995 
960 979 841 976 968 974 992 992 974 952 
997 968 998 969 997 952 985 974 993 945 
992 986 991 988 992 995 834 992 916 976 
985 946 949 921 965 835 930 956 951 985 
973 959 957 952 981 952 985 874 957 803 
891 856 967 939 888 857 968 967 962 876 
985 968 994 976 968 962 992 992 943 985 
986 990 979 999 972 976 901 963 990 986 
986 986 973 871 977 935 997 997 986 937 
980 979 953 980 968 988 993 988 993 951 
962 962 998 999 962 961 941 941 996 799 
960 971 971 998 987 960 921 998 987 988 
985 909 963 909 951 947 963 910 827 997 
976 946 920 952 934 976 934 963 946 803 
994 986 971 980 994 935 981 992 994 981 
943 990 907 973 971 971 993 853 973 997 
977 977 996 992 981 992 934 966 996 992 
986 986 967 943 954 954 941 967 943 986 
977 917 983 975 977 986 944 987 941 977 
973 968 979 945 968 980 973 941 910 945 
878 971 971 971 977 935 977 977 976 971 
866 979 983 973 884 962 962 962 973 979 
976 962 998 969 962 976 910 963 996 800 
986 990 969 969 942 953 972 972 976 986 
980 971 978 980 970 977 986 977 963 963 
986 997 998 992 997 992 995 995 966 995 
940 916 974 974 908 971 934 934 971 974 
998 997 967 937 994 946 998 980 977 998 
903 909 998 984 964 981 921 948 945 956 
986 986 953 928 987 953 981 986 982 987 
932 990 917 969 936 945 974 860 986 932 
997 962 989 999 997 989 941 941 967 967 
896 975 966 984 974 954 918 939 903 953 
941 968 953 953 938 968 937 992 992 993 
990 917 770 990 964 961 903 948 960 869 
992 971 990 971 992 949 981 992 981 981 
977 877 994 977 832 977 961 829 987 994 
995 807 856 843 989 984 981 989 995 995 
970 960 988 964 925 938 989 975 954 997 
998 909 998 976 983 998 853 963 885 899 
995 913 772 782 913 994 995 995 965 913 
994 973 947 996 964 994 987 924 994 996 
977 905 984 994 973 995 995 994 991 989 
963 931 951 933 900 963 862 963 951 931 
898 975 953 998 983 979 941 976 979 998 
938 968 953 953 996 962 968 974 928 882 
995 962 962 938 981 980 995 927 967 940 
937 990 971 980 987 979 903 976 979 982 
980 946 946 961 980 918 946 997 972 997 
926 986 986 913 969 984 957 987 957 984 
861 918 993 939 978 915 966 936 993 968 
944 990 991 981 983 981 971 971 952 962 
995 959 979 945 921 963 995 963 993 960 
937 971 973 971 981 907 981 973 971 974 
943 979 991 975 959 966 975 894 979 943 
977 977 977 977 981 952 985 844 944 896 
803 866 901 993 974 935 894 901 993 993 
960 990 983 978 958 944 975 942 983 957 
986 986 979 999 968 994 941 941 986 994 
923 884 956 983 983 995 977 909 957 977 
949 906 994 978 974 913 975 974 975 949 
990 861 998 992 884 992 985 966 996 992 
994 947 967 993 994 960 972 909 993 994 
881 981 981 981 997 981 947 894 992 992 
997 962 962 992 985 997 992 941 992 990 
891 969 963 969 963 926 900 952 772 982 
998 981 998 981 996 989 998 923 931 991 
822 995 969 999 904 980 995 949 951 945 
937 915 991 881 901 921 997 997 906 967 
985 990 966 953 966 947 959 986 992 993 
968 995 886 881 968 902 966 995 966 964 
994 915 973 983 994 935 972 809 795 994 
949 979 991 872 964 912 925 991 867 987 
990 968 969 990 981 980 973 974 990 960 
945 975 969 969 889 758 871 951 958 910 
977 990 966 976 996 977 956 956 955 842 
986 986 998 933 934 994 934 929 963 933 
960 989 960 975 996 989 989 996 915 971 
949 996 983 983 979 983 876 978 944 979 
849 924 979 992 921 992 924 974 944 992 
960 990 951 982 983 998 960 977 976 960 
977 968 966 942 989 977 968 989 987 954 
973 978 998 999 900 930 973 948 996 923 
986 986 920 955 984 974 960 960 968 986 
948 979 991 948 982 982 971 971 979 988 
975 946 941 992 941 994 973 949 946 994 
994 898 951 936 994 901 901 977 901 951 
946 946 983 953 996 946 839 983 974 778 
924 993 956 938 981 987 924 901 993 993 
994 986 973 993 994 981 979 997 997 993 
944 971 994 976 976 983 975 856 975 944 
919 946 920 999 972 932 931 934 920 974 
923 924 993 915 991 998 987 935 991 991 
946 968 978 978 968 974 972 956 968 956 
997 959 989 938 997 994 929 966 966 994 
986 968 968 986 977 925 976 782 977 925 
980 988 913 893 966 980 964 887 940 986 
923 993 998 999 857 989 948 769 999 964 
992 925 956 998 992 928 912 962 992 873 
977 968 983 975 982 983 977 901 932 975 
995 959 957 933 972 921 995 966 972 880 
880 975 882 984 981 949 981 981 803 981 
998 971 998 936 927 998 902 936 853 993 
989 946 996 999 900 989 877 900 996 940 
986 986 969 988 916 960 967 997 960 972 
900 981 981 981 981 989 945 986 987 839 
990 986 998 990 957 987 973 948 990 986 
992 963 991 984 992 907 991 977 941 977 
977 917 983 978 966 977 944 942 989 942 
995 810 996 938 995 987 972 895 878 979 
992 772 973 998 992 935 967 941 941 998 
948 990 991 973 973 997 962 962 987 943 
976 923 979 999 957 976 973 963 957 923 
992 947 966 998 992 949 888 941 941 992 
955 968 953 976 982 968 982 955 932 961 
843 993 957 879 972 829 966 985 993 993 
994 986 973 988 994 967 979 891 986 979 
960 906 994 975 982 982 975 910 885 975 
993 977 979 977 981 963 964 963 993 960 
992 971 971 971 992 912 972 963 977 981 
977 918 935 906 953 953 953 977 893 839 
962 962 969 969 981 980 964 907 972 962 
960 840 991 960 936 969 942 960 991 972 
998 995 998 981 989 981 998 962 952 989 
993 978 962 984 962 913 957 948 993 937 
994 925 941 984 994 979 981 968 981 984 
985 968 994 994 934 962 968 968 932 962 
917 997 996 990 997 915 974 957 996 915 
945 975 973 967 950 946 934 957 950 957 
998 946 998 950 946 998 989 910 991 963 
978 993 979 990 803 987 933 964 993 993 
923 943 991 984 980 979 991 962 979 982 
932 981 981 981 981 997 975 974 975 974 
975 968 919 984 968 932 985 948 900 880 
992 990 969 984 992 960 888 997 992 875 
985 946 963 950 970 950 956 955 970 963 
989 959 989 969 913 989 973 901 910 870 
888 975 991 969 977 954 991 997 957 982 
998 995 998 950 964 998 937 989 937 993 
995 986 996 988 981 989 995 949 996 986 
992 971 991 971 992 960 991 968 960 963 
941 981 981 981 982 886 919 894 982 987 
976 919 979 984 921 976 919 948 956 940 
891 996 936 839 943 973 961 916 995 995 
998 992 898 990 998 953 979 992 938 996 
924 997 924 992 997 992 987 915 929 987 
960 990 973 980 980 960 938 960 904 957 
998 995 998 923 996 998 840 949 988 961 
977 977 998 977 977 961 985 949 864 931 
986 986 991 998 954 991 954 997 997 954 
949 917 994 948 997 783 989 988 949 881 
976 978 927 922 981 976 905 963 900 937 
940 924 975 998 987 926 968 927 936 926 
998 990 998 975 982 982 998 908 975 986 
997 978 919 990 997 994 934 948 994 990 
994 964 947 993 994 949 997 964 948 993 
960 968 978 978 936 970 968 960 952 910 
993 986 977 977 977 994 941 974 993 994 
994 990 973 979 994 979 888 968 979 994 
977 971 983 976 976 983 977 992 802 927 
899 925 956 945 891 902 933 925 956 945 
931 954 969 984 954 995 931 964 916 934 
980 979 949 980 974 821 907 988 970 987 
887 924 924 984 981 952 985 872 972 891 
931 987 983 987 995 989 995 995 995 976 
924 922 977 984 978 977 986 893 983 983 
989 959 996 913 996 980 945 913 989 879 
847 975 973 993 981 981 934 981 959 993 
949 893 953 953 949 938 943 950 953 942 
989 978 996 996 952 968 989 878 907 996 
923 896 966 939 987 981 892 913 981 909 
980 979 979 865 980 964 902 971 955 877 
917 973 961 969 999 981 992 966 973 966 
880 811 956 941 904 949 831 997 996 949 
977 986 968 983 973 983 968 977 983 988 
961 996 946 996 969 929 961 921 966 940 
992 990 915 993 992 857 983 983 938 857 
948 994 986 962 979 994 948 996 962 994 
995 996 962 998 999 962 932 995 931 996 
992 893 953 871 992 953 929 997 906 953 
998 956 835 998 973 983 958 998 954 921 
986 986 937 977 992 977 992 929 948 986 
945 971 971 971 946 758 931 916 957 955 
960 979 979 949 943 996 971 930 949 910 
973 931 937 909 952 981 963 973 963 910 
931 963 973 984 980 695 955 984 941 984 
977 968 968 865 913 962 937 968 977 956 
978 995 961 969 990 962 961 962 995 941 
994 937 994 927 937 932 925 925 925 994 
962 960 995 981 995 963 974 981 963 967 
976 907 987 998 969 941 947 987 987 964 
992 986 967 980 992 995 967 997 996 989 
944 986 909 978 884 978 982 982 944 986 
993 962 915 969 999 962 963 925 960 963 
960 898 967 913 920 981 960 981 981 933 
949 992 995 983 992 976 976 989 995 986 
975 917 996 996 917 903 949 917 903 949 
960 915 956 938 987 938 995 962 946 960 
955 979 979 975 931 976 996 989 975 962 
995 968 972 989 992 972 992 995 992 949 
931 896 966 988 983 981 979 981 959 985 
977 986 917 991 967 969 964 977 831 986 
790 997 961 969 999 997 992 992 966 964 
994 973 988 990 994 881 981 981 881 994 
980 972 995 994 980 994 892 996 995 988 
977 987 910 977 977 977 987 977 967 862 
896 896 956 901 998 983 901 857 983 946 
985 968 968 991 903 976 997 968 989 991 
995 915 996 996 999 981 992 995 992 974 
945 984 963 984 907 998 963 962 979 890 
998 915 878 998 969 988 915 964 938 940 
997 977 961 977 977 997 963 964 904 963 
940 896 991 983 983 953 991 981 926 951 
955 968 968 946 943 884 989 997 968 955 
997 986 996 996 999 997 989 957 988 897 
992 925 991 993 992 949 991 900 993 993 
985 909 994 972 980 994 982 977 982 960 
993 913 972 979 952 972 980 973 960 963 
931 943 991 943 987 935 991 900 944 985 
980 986 979 813 980 967 887 997 968 872 
993 978 888 989 933 921 989 917 751 948 
937 963 947 963 974 954 937 968 954 963 
998 979 979 998 967 980 982 998 982 944 
997 913 972 956 881 997 961 913 985 974 
898 990 971 938 977 993 954 977 971 993 
985 968 994 986 980 994 983 968 960 968 
993 949 923 979 938 981 949 957 960 949 
994 986 969 969 994 935 982 977 992 906 
985 957 990 991 976 908 976 938 950 894 
977 977 996 996 977 977 963 759 960 963 
992 898 991 961 992 898 991 972 957 972 
998 979 979 998 934 960 962 996 998 962 
975 918 917 933 933 985 903 915 960 966 
931 954 973 993 954 954 955 968 932 993 
943 843 914 991 978 967 943 938 975 807 
989 962 918 989 984 981 994 934 994 934 
923 975 969 983 987 995 831 972 837 972 
985 986 968 983 960 943 968 968 983 986 
989 986 949 989 999 941 989 964 960 974 
945 971 973 984 977 995 937 977 971 951 
985 986 990 975 856 975 961 975 962 937 
997 970 923 775 999 985 980 997 904 858 
992 989 975 953 983 988 988 983 992 995 
977 972 977 963 971 975 988 975 975 982 
997 986 970 979 938 997 994 985 994 948 
960 971 971 998 980 960 938 934 976 993 
949 949 909 963 931 943 996 947 938 937 
962 990 891 962 990 962 994 994 933 964 
891 821 821 930 973 993 946 964 907 989 
977 986 981 994 994 981 981 981 977 977 
986 986 996 996 999 977 994 895 994 907 
937 971 971 993 977 955 979 977 971 993 
985 979 986 907 973 931 973 943 971 971 
834 961 996 996 818 972 961 967 949 957 
923 954 967 961 977 954 967 977 976 954 
977 979 979 994 994 976 996 977 991 937 
931 997 961 892 992 997 994 994 878 963 
986 986 924 822 974 921 890 968 906 932 
960 957 971 991 960 976 976 956 971 954 
963 946 972 979 969 972 963 985 926 963 
992 975 966 998 992 907 981 997 906 998 
980 957 995 981 988 981 981 995 981 956 
931 997 987 956 879 997 987 931 995 963 
960 884 951 988 859 960 982 884 960 982 
960 992 990 893 992 948 982 982 901 955 
976 987 978 909 922 885 987 925 931 963 
992 986 947 943 992 907 937 962 985 985 
985 992 959 991 922 992 959 961 931 879 
995 986 996 996 999 972 994 995 994 931 
994 990 956 983 994 954 938 713 994 954 
998 992 971 998 994 976 996 998 959 986 
986 915 986 998 992 977 992 877 992 915 
945 975 912 980 987 938 934 997 997 938 
977 915 946 997 994 975 994 975 988 973 
995 987 977 977 977 995 987 981 856 963 
945 915 977 991 984 977 907 989 991 997 
998 986 990 998 960 981 981 998 983 991 
993 987 986 737 992 913 992 913 992 963 
960 905 973 988 987 960 937 891 985 985 
955 981 981 992 981 992 981 943 931 981 
993 986 972 998 952 972 980 957 884 948 
992 925 967 980 992 917 967 953 977 879 
980 887 946 966 980 988 984 996 973 946 
997 977 882 977 990 997 952 985 988 900 
994 943 966 998 994 979 937 997 997 979 
977 949 990 994 978 994 962 927 977 959 
977 993 937 979 977 981 913 924 925 858 
992 954 966 998 992 960 917 997 997 960 
977 979 981 983 931 981 996 977 956 983 
997 977 891 998 999 997 976 995 988 974 
992 840 973 928 992 969 995 992 977 957 
946 992 995 981 981 992 981 989 995 942 
990 897 986 998 990 962 980 934 988 934 
986 986 967 980 981 926 981 997 997 873 
824 923 981 991 981 988 981 981 950 988 
997 968 968 933 999 997 994 973 994 933 
898 990 956 993 900 953 890 968 993 993 
977 957 893 994 953 994 983 953 977 923 
990 968 968 962 990 968 963 957 876 963 
937 947 956 984 901 901 937 997 872 997 
